Output: message_id, argMin(tuple(channel_id, day, unit_ordinal, connect_id), cosineDistance(vector, [-0.10606420785188675, -0.10137026011943817, 0.017822379246354103, -0.10980122536420822, -0.02821936085820198, -0.0413396842777729, 0.08290276676416397, -0.08359674364328384, -0.09660910069942474, 0.018989700824022293, -0.03164740651845932, 0.033310286700725555, 0.0005426863208413124, -0.0010634304489940405, -0.035984307527542114, -0.03311702981591225, 0.008340705186128616, -0.026296408846974373, 0.08768053352832794, -0.09158756583929062, 0.10063738375902176, -0.010939103551208973, 0.0206711795181036, -0.01794775202870369, 0.07182002812623978, -0.021104682236909866, 0.0035570734180510044, 0.03023947775363922, -0.06921370327472687, -0.02904234454035759, -0.11106357723474503, 0.13478103280067444, -0.018299581483006477, -0.0073389168828725815, 0.03613223135471344, 0.020280607044696808, -0.0071582798846066, 0.028277769684791565, 0.03206786513328552, 0.05719296634197235, -0.048840586096048355, 0.010008463636040688, -0.017750132828950882, -0.06254763901233673, 0.04118628427386284, -0.06614299863576889, 0.027085110545158386, -0.09507790207862854, 0.03726153448224068, 0.017286039888858795, -0.19621889293193817, 0.027712736278772354, 0.001287071849219501, 0.02983199991285801, -0.031307514756917953, -0.07039154320955276, 0.020752940326929092, -0.07962781935930252, 0.02629174292087555, -0.05001077428460121, -0.11077070981264114, -0.017420560121536255, -0.045236293226480484, 0.09810619056224823, 0.02249724604189396, 0.03956567123532295, -0.01865733601152897, 0.0010052643483504653, 0.0915348157286644, -0.016869189217686653, -0.07797717303037643, 0.011276059783995152, 0.017913363873958588, 0.01738627441227436, -0.010206992737948895, 0.0579691156744957, 0.012971150688827038, -0.08623210340738297, -0.020185543224215508, 0.07400678843259811, -0.03036837838590145, -0.01518146600574255, -0.09584631025791168, -0.05348658561706543, 0.011446825228631496, -0.10317191481590271, -0.03751770779490471, 0.0801737830042839, -0.0850568637251854, -0.06115804612636566, 0.06055634841322899, -0.039711110293865204, 0.06877051293849945, -0.0028335275128483772, 0.04010145738720894, -0.01878199726343155, 0.048667844384908676, 0.08082637190818787, -0.0026524276472628117, 0.019062696024775505, -0.007939199917018414, -0.0570821687579155, -0.1164555549621582, 0.006536408327519894, 0.018849214538931847, -0.001658499939367175, -0.06020623818039894, -0.03375929966568947, 0.018573718145489693, 0.014030766673386097, -0.09421393275260925, 0.00874490849673748, 0.025975828990340233, 0.018868334591388702, -0.008253018371760845, -0.10242191702127457, 0.037099916487932205, -0.009112954139709473, -0.0027354182675480843, 0.029933838173747063, 0.056062959134578705, 0.16397912800312042, 0.040956754237413406, 0.13261374831199646, 0.010294084437191486, 0.06895153224468231, 0.031124670058488846, -0.07932019978761673, -0.05100608989596367, -0.09499310702085495, 0.05625500902533531, -0.07624734193086624, 0.013338624499738216, 0.02024976536631584, -0.09196992218494415, 0.06497671455144882, 0.0716279000043869, -0.057811323553323746, -0.03713883459568024, -0.0810866430401802, -0.04560884088277817, -0.014370790682733059, -0.06371286511421204, -0.16519396007061005, -0.06412830948829651, -0.004073090385645628, 0.08037136495113373, -0.06531159579753876, -0.06550467759370804, 0.03920495882630348, 0.03280910104513168, -0.030494850128889084, 0.06895042955875397, 0.11068087071180344, 0.010523815639317036, 0.03124130703508854, 0.058248620480298996, -0.02967061847448349, 0.05441724881529808, 0.149087056517601, -0.04412633925676346, 0.04335883632302284, 0.06098112091422081, 0.0779787003993988, -0.06246012821793556, 0.09170664846897125, -0.11171068996191025, -0.058496855199337006, -0.12856298685073853, -0.0554218590259552, -0.031053470447659492, 0.05748118460178375, 0.10841571539640427, 0.031243236735463142, -0.025080814957618713, -0.030520904809236526, -0.02179284580051899, 0.06258618086576462, 0.16577360033988953, 0.023768190294504166, 0.06549764424562454, -0.05759666487574577, 0.05482131242752075, -0.12039157748222351, -0.08178684115409851, -0.04438044875860214, 0.01281669456511736, 0.016154803335666656, 0.04767230898141861, 0.05062231421470642, -0.06473831087350845, 0.007856368087232113, -0.01344570703804493, -0.008893003687262535, -0.06473422795534134, 0.11968258768320084, -0.008302618749439716, -0.037206944078207016, 0.03170257434248924, 0.033750105649232864, 0.009586156345903873, 0.006832594517618418, -0.07764161378145218, -0.023035304620862007, -0.06435549259185791, -0.009667892940342426, -0.02594280242919922, 0.0670647844672203, 0.05705936253070831, 0.005128462798893452, 0.03913695737719536, 0.028289930894970894, -0.05022077262401581, 0.027660805732011795, -0.04028560593724251, 0.07688198983669281, -0.06563841551542282, 0.05914239585399628, -0.1347881555557251, -0.023038353770971298, 0.023288482800126076, 0.00712535111233592, -0.0003143366484437138, 0.11187354475259781, -0.04614397883415222, 0.14897826313972473, 0.0681881457567215, 0.06024295464158058, 0.07891934365034103, -0.076904296875, -0.08917427062988281, -0.0693899393081665, 0.04289284348487854, -0.0022331131622195244, -0.07761204987764359, -0.023193974047899246, 0.010168885812163353, -0.06210687756538391, 0.046790968626737595, 0.0015564882196485996, 0.009219850413501263, 0.08365018665790558, -0.09653732925653458, 0.012284744530916214, 0.05977533012628555, 0.020297687500715256, -0.023461174219846725, 0.06009077653288841, 0.04215065389871597, -0.06529223173856735, -0.11924173682928085, 0.011205922812223434, 0.003031936241313815, -0.1376839131116867, 0.02298586443066597, 0.07992582023143768])), min(cosineDistance(vector, [-0.10606420785188675, -0.10137026011943817, 0.017822379246354103, -0.10980122536420822, -0.02821936085820198, -0.0413396842777729, 0.08290276676416397, -0.08359674364328384, -0.09660910069942474, 0.018989700824022293, -0.03164740651845932, 0.033310286700725555, 0.0005426863208413124, -0.0010634304489940405, -0.035984307527542114, -0.03311702981591225, 0.008340705186128616, -0.026296408846974373, 0.08768053352832794, -0.09158756583929062, 0.10063738375902176, -0.010939103551208973, 0.0206711795181036, -0.01794775202870369, 0.07182002812623978, -0.021104682236909866, 0.0035570734180510044, 0.03023947775363922, -0.06921370327472687, -0.02904234454035759, -0.11106357723474503, 0.13478103280067444, -0.018299581483006477, -0.0073389168828725815, 0.03613223135471344, 0.020280607044696808, -0.0071582798846066, 0.028277769684791565, 0.03206786513328552, 0.05719296634197235, -0.048840586096048355, 0.010008463636040688, -0.017750132828950882, -0.06254763901233673, 0.04118628427386284, -0.06614299863576889, 0.027085110545158386, -0.09507790207862854, 0.03726153448224068, 0.017286039888858795, -0.19621889293193817, 0.027712736278772354, 0.001287071849219501, 0.02983199991285801, -0.031307514756917953, -0.07039154320955276, 0.020752940326929092, -0.07962781935930252, 0.02629174292087555, -0.05001077428460121, -0.11077070981264114, -0.017420560121536255, -0.045236293226480484, 0.09810619056224823, 0.02249724604189396, 0.03956567123532295, -0.01865733601152897, 0.0010052643483504653, 0.0915348157286644, -0.016869189217686653, -0.07797717303037643, 0.011276059783995152, 0.017913363873958588, 0.01738627441227436, -0.010206992737948895, 0.0579691156744957, 0.012971150688827038, -0.08623210340738297, -0.020185543224215508, 0.07400678843259811, -0.03036837838590145, -0.01518146600574255, -0.09584631025791168, -0.05348658561706543, 0.011446825228631496, -0.10317191481590271, -0.03751770779490471, 0.0801737830042839, -0.0850568637251854, -0.06115804612636566, 0.06055634841322899, -0.039711110293865204, 0.06877051293849945, -0.0028335275128483772, 0.04010145738720894, -0.01878199726343155, 0.048667844384908676, 0.08082637190818787, -0.0026524276472628117, 0.019062696024775505, -0.007939199917018414, -0.0570821687579155, -0.1164555549621582, 0.006536408327519894, 0.018849214538931847, -0.001658499939367175, -0.06020623818039894, -0.03375929966568947, 0.018573718145489693, 0.014030766673386097, -0.09421393275260925, 0.00874490849673748, 0.025975828990340233, 0.018868334591388702, -0.008253018371760845, -0.10242191702127457, 0.037099916487932205, -0.009112954139709473, -0.0027354182675480843, 0.029933838173747063, 0.056062959134578705, 0.16397912800312042, 0.040956754237413406, 0.13261374831199646, 0.010294084437191486, 0.06895153224468231, 0.031124670058488846, -0.07932019978761673, -0.05100608989596367, -0.09499310702085495, 0.05625500902533531, -0.07624734193086624, 0.013338624499738216, 0.02024976536631584, -0.09196992218494415, 0.06497671455144882, 0.0716279000043869, -0.057811323553323746, -0.03713883459568024, -0.0810866430401802, -0.04560884088277817, -0.014370790682733059, -0.06371286511421204, -0.16519396007061005, -0.06412830948829651, -0.004073090385645628, 0.08037136495113373, -0.06531159579753876, -0.06550467759370804, 0.03920495882630348, 0.03280910104513168, -0.030494850128889084, 0.06895042955875397, 0.11068087071180344, 0.010523815639317036, 0.03124130703508854, 0.058248620480298996, -0.02967061847448349, 0.05441724881529808, 0.149087056517601, -0.04412633925676346, 0.04335883632302284, 0.06098112091422081, 0.0779787003993988, -0.06246012821793556, 0.09170664846897125, -0.11171068996191025, -0.058496855199337006, -0.12856298685073853, -0.0554218590259552, -0.031053470447659492, 0.05748118460178375, 0.10841571539640427, 0.031243236735463142, -0.025080814957618713, -0.030520904809236526, -0.02179284580051899, 0.06258618086576462, 0.16577360033988953, 0.023768190294504166, 0.06549764424562454, -0.05759666487574577, 0.05482131242752075, -0.12039157748222351, -0.08178684115409851, -0.04438044875860214, 0.01281669456511736, 0.016154803335666656, 0.04767230898141861, 0.05062231421470642, -0.06473831087350845, 0.007856368087232113, -0.01344570703804493, -0.008893003687262535, -0.06473422795534134, 0.11968258768320084, -0.008302618749439716, -0.037206944078207016, 0.03170257434248924, 0.033750105649232864, 0.009586156345903873, 0.006832594517618418, -0.07764161378145218, -0.023035304620862007, -0.06435549259185791, -0.009667892940342426, -0.02594280242919922, 0.0670647844672203, 0.05705936253070831, 0.005128462798893452, 0.03913695737719536, 0.028289930894970894, -0.05022077262401581, 0.027660805732011795, -0.04028560593724251, 0.07688198983669281, -0.06563841551542282, 0.05914239585399628, -0.1347881555557251, -0.023038353770971298, 0.023288482800126076, 0.00712535111233592, -0.0003143366484437138, 0.11187354475259781, -0.04614397883415222, 0.14897826313972473, 0.0681881457567215, 0.06024295464158058, 0.07891934365034103, -0.076904296875, -0.08917427062988281, -0.0693899393081665, 0.04289284348487854, -0.0022331131622195244, -0.07761204987764359, -0.023193974047899246, 0.010168885812163353, -0.06210687756538391, 0.046790968626737595, 0.0015564882196485996, 0.009219850413501263, 0.08365018665790558, -0.09653732925653458, 0.012284744530916214, 0.05977533012628555, 0.020297687500715256, -0.023461174219846725, 0.06009077653288841, 0.04215065389871597, -0.06529223173856735, -0.11924173682928085, 0.011205922812223434, 0.003031936241313815, -0.1376839131116867, 0.02298586443066597, 0.07992582023143768]))

Limit (preliminary LIMIT)
│  Limit 20
│  Offset 0
└──Sorting (Sorting for ORDER BY)
   │  Sort description: min(cosineDistance(vector, [-0.10606420785188675, -0.10137026011943817, 0.017822379246354103, -0.10980122536420822, -0.02821936085820198, -0.0413396842777729, 0.08290276676416397, -0.08359674364328384, -0.09660910069942474, 0.018989700824022293, -0.03164740651845932, 0.033310286700725555, 0.0005426863208413124, -0.0010634304489940405, -0.035984307527542114, -0.03311702981591225, 0.008340705186128616, -0.026296408846974373, 0.08768053352832794, -0.09158756583929062, 0.10063738375902176, -0.010939103551208973, 0.0206711795181036, -0.01794775202870369, 0.07182002812623978, -0.021104682236909866, 0.0035570734180510044, 0.03023947775363922, -0.06921370327472687, -0.02904234454035759, -0.11106357723474503, 0.13478103280067444, -0.018299581483006477, -0.0073389168828725815, 0.03613223135471344, 0.020280607044696808, -0.0071582798846066, 0.028277769684791565, 0.03206786513328552, 0.05719296634197235, -0.048840586096048355, 0.010008463636040688, -0.017750132828950882, -0.06254763901233673, 0.04118628427386284, -0.06614299863576889, 0.027085110545158386, -0.09507790207862854, 0.03726153448224068, 0.017286039888858795, -0.19621889293193817, 0.027712736278772354, 0.001287071849219501, 0.02983199991285801, -0.031307514756917953, -0.07039154320955276, 0.020752940326929092, -0.07962781935930252, 0.02629174292087555, -0.05001077428460121, -0.11077070981264114, -0.017420560121536255, -0.045236293226480484, 0.09810619056224823, 0.02249724604189396, 0.03956567123532295, -0.01865733601152897, 0.0010052643483504653, 0.0915348157286644, -0.016869189217686653, -0.07797717303037643, 0.011276059783995152, 0.017913363873958588, 0.01738627441227436, -0.010206992737948895, 0.0579691156744957, 0.012971150688827038, -0.08623210340738297, -0.020185543224215508, 0.07400678843259811, -0.03036837838590145, -0.01518146600574255, -0.09584631025791168, -0.05348658561706543, 0.011446825228631496, -0.10317191481590271, -0.03751770779490471, 0.0801737830042839, -0.0850568637251854, -0.06115804612636566, 0.06055634841322899, -0.039711110293865204, 0.06877051293849945, -0.0028335275128483772, 0.04010145738720894, -0.01878199726343155, 0.048667844384908676, 0.08082637190818787, -0.0026524276472628117, 0.019062696024775505, -0.007939199917018414, -0.0570821687579155, -0.1164555549621582, 0.006536408327519894, 0.018849214538931847, -0.001658499939367175, -0.06020623818039894, -0.03375929966568947, 0.018573718145489693, 0.014030766673386097, -0.09421393275260925, 0.00874490849673748, 0.025975828990340233, 0.018868334591388702, -0.008253018371760845, -0.10242191702127457, 0.037099916487932205, -0.009112954139709473, -0.0027354182675480843, 0.029933838173747063, 0.056062959134578705, 0.16397912800312042, 0.040956754237413406, 0.13261374831199646, 0.010294084437191486, 0.06895153224468231, 0.031124670058488846, -0.07932019978761673, -0.05100608989596367, -0.09499310702085495, 0.05625500902533531, -0.07624734193086624, 0.013338624499738216, 0.02024976536631584, -0.09196992218494415, 0.06497671455144882, 0.0716279000043869, -0.057811323553323746, -0.03713883459568024, -0.0810866430401802, -0.04560884088277817, -0.014370790682733059, -0.06371286511421204, -0.16519396007061005, -0.06412830948829651, -0.004073090385645628, 0.08037136495113373, -0.06531159579753876, -0.06550467759370804, 0.03920495882630348, 0.03280910104513168, -0.030494850128889084, 0.06895042955875397, 0.11068087071180344, 0.010523815639317036, 0.03124130703508854, 0.058248620480298996, -0.02967061847448349, 0.05441724881529808, 0.149087056517601, -0.04412633925676346, 0.04335883632302284, 0.06098112091422081, 0.0779787003993988, -0.06246012821793556, 0.09170664846897125, -0.11171068996191025, -0.058496855199337006, -0.12856298685073853, -0.0554218590259552, -0.031053470447659492, 0.05748118460178375, 0.10841571539640427, 0.031243236735463142, -0.025080814957618713, -0.030520904809236526, -0.02179284580051899, 0.06258618086576462, 0.16577360033988953, 0.023768190294504166, 0.06549764424562454, -0.05759666487574577, 0.05482131242752075, -0.12039157748222351, -0.08178684115409851, -0.04438044875860214, 0.01281669456511736, 0.016154803335666656, 0.04767230898141861, 0.05062231421470642, -0.06473831087350845, 0.007856368087232113, -0.01344570703804493, -0.008893003687262535, -0.06473422795534134, 0.11968258768320084, -0.008302618749439716, -0.037206944078207016, 0.03170257434248924, 0.033750105649232864, 0.009586156345903873, 0.006832594517618418, -0.07764161378145218, -0.023035304620862007, -0.06435549259185791, -0.009667892940342426, -0.02594280242919922, 0.0670647844672203, 0.05705936253070831, 0.005128462798893452, 0.03913695737719536, 0.028289930894970894, -0.05022077262401581, 0.027660805732011795, -0.04028560593724251, 0.07688198983669281, -0.06563841551542282, 0.05914239585399628, -0.1347881555557251, -0.023038353770971298, 0.023288482800126076, 0.00712535111233592, -0.0003143366484437138, 0.11187354475259781, -0.04614397883415222, 0.14897826313972473, 0.0681881457567215, 0.06024295464158058, 0.07891934365034103, -0.076904296875, -0.08917427062988281, -0.0693899393081665, 0.04289284348487854, -0.0022331131622195244, -0.07761204987764359, -0.023193974047899246, 0.010168885812163353, -0.06210687756538391, 0.046790968626737595, 0.0015564882196485996, 0.009219850413501263, 0.08365018665790558, -0.09653732925653458, 0.012284744530916214, 0.05977533012628555, 0.020297687500715256, -0.023461174219846725, 0.06009077653288841, 0.04215065389871597, -0.06529223173856735, -0.11924173682928085, 0.011205922812223434, 0.003031936241313815, -0.1376839131116867, 0.02298586443066597, 0.07992582023143768])) ASC
   │  Limit 20
   └──Aggregating
      │  Keys: message_id
      │  Aggregates: argMin(tuple(channel_id, day, unit_ordinal, connect_id), cosineDistance(vector, [-0.10606420785188675, -0.10137026011943817, 0.017822379246354103, -0.10980122536420822, -0.02821936085820198, -0.0413396842777729, 0.08290276676416397, -0.08359674364328384, -0.09660910069942474, 0.018989700824022293, -0.03164740651845932, 0.033310286700725555, 0.0005426863208413124, -0.0010634304489940405, -0.035984307527542114, -0.03311702981591225, 0.008340705186128616, -0.026296408846974373, 0.08768053352832794, -0.09158756583929062, 0.10063738375902176, -0.010939103551208973, 0.0206711795181036, -0.01794775202870369, 0.07182002812623978, -0.021104682236909866, 0.0035570734180510044, 0.03023947775363922, -0.06921370327472687, -0.02904234454035759, -0.11106357723474503, 0.13478103280067444, -0.018299581483006477, -0.0073389168828725815, 0.03613223135471344, 0.020280607044696808, -0.0071582798846066, 0.028277769684791565, 0.03206786513328552, 0.05719296634197235, -0.048840586096048355, 0.010008463636040688, -0.017750132828950882, -0.06254763901233673, 0.04118628427386284, -0.06614299863576889, 0.027085110545158386, -0.09507790207862854, 0.03726153448224068, 0.017286039888858795, -0.19621889293193817, 0.027712736278772354, 0.001287071849219501, 0.02983199991285801, -0.031307514756917953, -0.07039154320955276, 0.020752940326929092, -0.07962781935930252, 0.02629174292087555, -0.05001077428460121, -0.11077070981264114, -0.017420560121536255, -0.045236293226480484, 0.09810619056224823, 0.02249724604189396, 0.03956567123532295, -0.01865733601152897, 0.0010052643483504653, 0.0915348157286644, -0.016869189217686653, -0.07797717303037643, 0.011276059783995152, 0.017913363873958588, 0.01738627441227436, -0.010206992737948895, 0.0579691156744957, 0.012971150688827038, -0.08623210340738297, -0.020185543224215508, 0.07400678843259811, -0.03036837838590145, -0.01518146600574255, -0.09584631025791168, -0.05348658561706543, 0.011446825228631496, -0.10317191481590271, -0.03751770779490471, 0.0801737830042839, -0.0850568637251854, -0.06115804612636566, 0.06055634841322899, -0.039711110293865204, 0.06877051293849945, -0.0028335275128483772, 0.04010145738720894, -0.01878199726343155, 0.048667844384908676, 0.08082637190818787, -0.0026524276472628117, 0.019062696024775505, -0.007939199917018414, -0.0570821687579155, -0.1164555549621582, 0.006536408327519894, 0.018849214538931847, -0.001658499939367175, -0.06020623818039894, -0.03375929966568947, 0.018573718145489693, 0.014030766673386097, -0.09421393275260925, 0.00874490849673748, 0.025975828990340233, 0.018868334591388702, -0.008253018371760845, -0.10242191702127457, 0.037099916487932205, -0.009112954139709473, -0.0027354182675480843, 0.029933838173747063, 0.056062959134578705, 0.16397912800312042, 0.040956754237413406, 0.13261374831199646, 0.010294084437191486, 0.06895153224468231, 0.031124670058488846, -0.07932019978761673, -0.05100608989596367, -0.09499310702085495, 0.05625500902533531, -0.07624734193086624, 0.013338624499738216, 0.02024976536631584, -0.09196992218494415, 0.06497671455144882, 0.0716279000043869, -0.057811323553323746, -0.03713883459568024, -0.0810866430401802, -0.04560884088277817, -0.014370790682733059, -0.06371286511421204, -0.16519396007061005, -0.06412830948829651, -0.004073090385645628, 0.08037136495113373, -0.06531159579753876, -0.06550467759370804, 0.03920495882630348, 0.03280910104513168, -0.030494850128889084, 0.06895042955875397, 0.11068087071180344, 0.010523815639317036, 0.03124130703508854, 0.058248620480298996, -0.02967061847448349, 0.05441724881529808, 0.149087056517601, -0.04412633925676346, 0.04335883632302284, 0.06098112091422081, 0.0779787003993988, -0.06246012821793556, 0.09170664846897125, -0.11171068996191025, -0.058496855199337006, -0.12856298685073853, -0.0554218590259552, -0.031053470447659492, 0.05748118460178375, 0.10841571539640427, 0.031243236735463142, -0.025080814957618713, -0.030520904809236526, -0.02179284580051899, 0.06258618086576462, 0.16577360033988953, 0.023768190294504166, 0.06549764424562454, -0.05759666487574577, 0.05482131242752075, -0.12039157748222351, -0.08178684115409851, -0.04438044875860214, 0.01281669456511736, 0.016154803335666656, 0.04767230898141861, 0.05062231421470642, -0.06473831087350845, 0.007856368087232113, -0.01344570703804493, -0.008893003687262535, -0.06473422795534134, 0.11968258768320084, -0.008302618749439716, -0.037206944078207016, 0.03170257434248924, 0.033750105649232864, 0.009586156345903873, 0.006832594517618418, -0.07764161378145218, -0.023035304620862007, -0.06435549259185791, -0.009667892940342426, -0.02594280242919922, 0.0670647844672203, 0.05705936253070831, 0.005128462798893452, 0.03913695737719536, 0.028289930894970894, -0.05022077262401581, 0.027660805732011795, -0.04028560593724251, 0.07688198983669281, -0.06563841551542282, 0.05914239585399628, -0.1347881555557251, -0.023038353770971298, 0.023288482800126076, 0.00712535111233592, -0.0003143366484437138, 0.11187354475259781, -0.04614397883415222, 0.14897826313972473, 0.0681881457567215, 0.06024295464158058, 0.07891934365034103, -0.076904296875, -0.08917427062988281, -0.0693899393081665, 0.04289284348487854, -0.0022331131622195244, -0.07761204987764359, -0.023193974047899246, 0.010168885812163353, -0.06210687756538391, 0.046790968626737595, 0.0015564882196485996, 0.009219850413501263, 0.08365018665790558, -0.09653732925653458, 0.012284744530916214, 0.05977533012628555, 0.020297687500715256, -0.023461174219846725, 0.06009077653288841, 0.04215065389871597, -0.06529223173856735, -0.11924173682928085, 0.011205922812223434, 0.003031936241313815, -0.1376839131116867, 0.02298586443066597, 0.07992582023143768])), min(cosineDistance(vector, [-0.10606420785188675, -0.10137026011943817, 0.017822379246354103, -0.10980122536420822, -0.02821936085820198, -0.0413396842777729, 0.08290276676416397, -0.08359674364328384, -0.09660910069942474, 0.018989700824022293, -0.03164740651845932, 0.033310286700725555, 0.0005426863208413124, -0.0010634304489940405, -0.035984307527542114, -0.03311702981591225, 0.008340705186128616, -0.026296408846974373, 0.08768053352832794, -0.09158756583929062, 0.10063738375902176, -0.010939103551208973, 0.0206711795181036, -0.01794775202870369, 0.07182002812623978, -0.021104682236909866, 0.0035570734180510044, 0.03023947775363922, -0.06921370327472687, -0.02904234454035759, -0.11106357723474503, 0.13478103280067444, -0.018299581483006477, -0.0073389168828725815, 0.03613223135471344, 0.020280607044696808, -0.0071582798846066, 0.028277769684791565, 0.03206786513328552, 0.05719296634197235, -0.048840586096048355, 0.010008463636040688, -0.017750132828950882, -0.06254763901233673, 0.04118628427386284, -0.06614299863576889, 0.027085110545158386, -0.09507790207862854, 0.03726153448224068, 0.017286039888858795, -0.19621889293193817, 0.027712736278772354, 0.001287071849219501, 0.02983199991285801, -0.031307514756917953, -0.07039154320955276, 0.020752940326929092, -0.07962781935930252, 0.02629174292087555, -0.05001077428460121, -0.11077070981264114, -0.017420560121536255, -0.045236293226480484, 0.09810619056224823, 0.02249724604189396, 0.03956567123532295, -0.01865733601152897, 0.0010052643483504653, 0.0915348157286644, -0.016869189217686653, -0.07797717303037643, 0.011276059783995152, 0.017913363873958588, 0.01738627441227436, -0.010206992737948895, 0.0579691156744957, 0.012971150688827038, -0.08623210340738297, -0.020185543224215508, 0.07400678843259811, -0.03036837838590145, -0.01518146600574255, -0.09584631025791168, -0.05348658561706543, 0.011446825228631496, -0.10317191481590271, -0.03751770779490471, 0.0801737830042839, -0.0850568637251854, -0.06115804612636566, 0.06055634841322899, -0.039711110293865204, 0.06877051293849945, -0.0028335275128483772, 0.04010145738720894, -0.01878199726343155, 0.048667844384908676, 0.08082637190818787, -0.0026524276472628117, 0.019062696024775505, -0.007939199917018414, -0.0570821687579155, -0.1164555549621582, 0.006536408327519894, 0.018849214538931847, -0.001658499939367175, -0.06020623818039894, -0.03375929966568947, 0.018573718145489693, 0.014030766673386097, -0.09421393275260925, 0.00874490849673748, 0.025975828990340233, 0.018868334591388702, -0.008253018371760845, -0.10242191702127457, 0.037099916487932205, -0.009112954139709473, -0.0027354182675480843, 0.029933838173747063, 0.056062959134578705, 0.16397912800312042, 0.040956754237413406, 0.13261374831199646, 0.010294084437191486, 0.06895153224468231, 0.031124670058488846, -0.07932019978761673, -0.05100608989596367, -0.09499310702085495, 0.05625500902533531, -0.07624734193086624, 0.013338624499738216, 0.02024976536631584, -0.09196992218494415, 0.06497671455144882, 0.0716279000043869, -0.057811323553323746, -0.03713883459568024, -0.0810866430401802, -0.04560884088277817, -0.014370790682733059, -0.06371286511421204, -0.16519396007061005, -0.06412830948829651, -0.004073090385645628, 0.08037136495113373, -0.06531159579753876, -0.06550467759370804, 0.03920495882630348, 0.03280910104513168, -0.030494850128889084, 0.06895042955875397, 0.11068087071180344, 0.010523815639317036, 0.03124130703508854, 0.058248620480298996, -0.02967061847448349, 0.05441724881529808, 0.149087056517601, -0.04412633925676346, 0.04335883632302284, 0.06098112091422081, 0.0779787003993988, -0.06246012821793556, 0.09170664846897125, -0.11171068996191025, -0.058496855199337006, -0.12856298685073853, -0.0554218590259552, -0.031053470447659492, 0.05748118460178375, 0.10841571539640427, 0.031243236735463142, -0.025080814957618713, -0.030520904809236526, -0.02179284580051899, 0.06258618086576462, 0.16577360033988953, 0.023768190294504166, 0.06549764424562454, -0.05759666487574577, 0.05482131242752075, -0.12039157748222351, -0.08178684115409851, -0.04438044875860214, 0.01281669456511736, 0.016154803335666656, 0.04767230898141861, 0.05062231421470642, -0.06473831087350845, 0.007856368087232113, -0.01344570703804493, -0.008893003687262535, -0.06473422795534134, 0.11968258768320084, -0.008302618749439716, -0.037206944078207016, 0.03170257434248924, 0.033750105649232864, 0.009586156345903873, 0.006832594517618418, -0.07764161378145218, -0.023035304620862007, -0.06435549259185791, -0.009667892940342426, -0.02594280242919922, 0.0670647844672203, 0.05705936253070831, 0.005128462798893452, 0.03913695737719536, 0.028289930894970894, -0.05022077262401581, 0.027660805732011795, -0.04028560593724251, 0.07688198983669281, -0.06563841551542282, 0.05914239585399628, -0.1347881555557251, -0.023038353770971298, 0.023288482800126076, 0.00712535111233592, -0.0003143366484437138, 0.11187354475259781, -0.04614397883415222, 0.14897826313972473, 0.0681881457567215, 0.06024295464158058, 0.07891934365034103, -0.076904296875, -0.08917427062988281, -0.0693899393081665, 0.04289284348487854, -0.0022331131622195244, -0.07761204987764359, -0.023193974047899246, 0.010168885812163353, -0.06210687756538391, 0.046790968626737595, 0.0015564882196485996, 0.009219850413501263, 0.08365018665790558, -0.09653732925653458, 0.012284744530916214, 0.05977533012628555, 0.020297687500715256, -0.023461174219846725, 0.06009077653288841, 0.04215065389871597, -0.06529223173856735, -0.11924173682928085, 0.011205922812223434, 0.003031936241313815, -0.1376839131116867, 0.02298586443066597, 0.07992582023143768]))
      │  Skip merging: 0
      └──ReadFromMergeTree (comma_capacity_balanced.units)
            Read type: Default
            Parts: 10 | Granules: 352
            Output: message_id, channel_id, day, connect_id, unit_ordinal, vector
            Prewhere filter
            Prewhere filter column:  tenant_id = 1
            Indexes:
              Min-Max
                Keys:
                  tenant_id
                Condition: (tenant_id in [1, 1])
                Parts: 10/20
                Granules: 352/377
              Partition
                Keys:
                  tenant_id
                Condition: (tenant_id in [1, 1])
                Parts: 10/10
                Granules: 352/352
              PrimaryKey
                Keys:
                  tenant_id
                Condition: (tenant_id in [1, 1])
                Parts: 10/10
                Granules: 352/352
                Search Algorithm: binary search
              Ranges: 10